image: map_backup.pgm
resolution: 0.050000
origin: [-23.475, -15.000, 0.000000]
negate: 0
occupied_thresh: 0.65
free_thresh: 0.196

